image: marsyard.jpeg
resolution: 0.050000
origin: [-4, -27.00000, 0]
#$origin: [38.100001, 20.550000, 3.1415]
negate: 0
occupied_thresh: 0.65
free_thresh: 0.196